0000000000
1000000000
0100000000
1100000000
0010000000
1010000000
0110000000
1110000001
0001000000
1001000000
0101000000
1101000001
0011000000
1011000001
0111000001
1111000001
0000100000
1000100000
0100100000
1100100001
0010100000
1010100001
0110100001
1110100001
0001100000
1001100001
0101100001
1101100001
0011100001
1011100001
0111100000
1111100000
0000010000
1000010000
0100010000
1100010001
0010010000
1010010001
0110010001
1110010001
0001010000
1001010001
0101010001
1101010001
0011010001
1011010001
0111010000
1111010000
0000110000
1000110001
0100110001
1100110001
0010110001
1010110001
0110110000
1110110000
0001110001
1001110001
0101110000
1101110000
0011110000
1011110000
0111110000
1111110000
0000001000
1000001000
0100001000
1100001001
0010001000
1010001001
0110001001
1110001001
0001001000
1001001001
0101001001
1101001001
0011001001
1011001001
0111001000
1111001000
0000101000
1000101001
0100101001
1100101001
0010101001
1010101001
0110101000
1110101000
0001101001
1001101001
0101101000
1101101000
0011101000
1011101000
0111101000
1111101000
0000011000
1000011001
0100011001
1100011001
0010011001
1010011001
0110011000
1110011000
0001011001
1001011001
0101011000
1101011000
0011011000
1011011000
0111011000
1111011000
0000111001
1000111001
0100111000
1100111000
0010111000
1010111000
0110111000
1110111000
0001111000
1001111000
0101111000
1101111000
0011111000
1011111000
0111111000
1111111000
0000000100
1000000100
0100000100
1100000101
0010000100
1010000101
0110000101
1110000101
0001000100
1001000101
0101000101
1101000101
0011000101
1011000101
0111000100
1111000100
0000100100
1000100101
0100100101
1100100101
0010100101
1010100101
0110100100
1110100100
0001100101
1001100101
0101100100
1101100100
0011100100
1011100100
0111100100
1111100100
0000010100
1000010101
0100010101
1100010101
0010010101
1010010101
0110010100
1110010100
0001010101
1001010101
0101010100
1101010100
0011010100
1011010100
0111010100
1111010100
0000110101
1000110101
0100110100
1100110100
0010110100
1010110100
0110110100
1110110100
0001110100
1001110100
0101110100
1101110100
0011110100
1011110100
0111110100
1111110100
0000001100
1000001101
0100001101
1100001101
0010001101
1010001101
0110001100
1110001100
0001001101
1001001101
0101001100
1101001100
0011001100
1011001100
0111001100
1111001100
0000101101
1000101101
0100101100
1100101100
0010101100
1010101100
0110101100
1110101100
0001101100
1001101100
0101101100
1101101100
0011101100
1011101100
0111101100
1111101100
0000011101
1000011101
0100011100
1100011100
0010011100
1010011100
0110011100
1110011100
0001011100
1001011100
0101011100
1101011100
0011011100
1011011100
0111011100
1111011100
0000111100
1000111100
0100111100
1100111100
0010111100
1010111100
0110111100
1110111100
0001111100
1001111100
0101111100
1101111100
0011111100
1011111100
0111111100
1111111100
0000000010
1000000010
0100000010
1100000011
0010000010
1010000011
0110000011
1110000011
0001000010
1001000011
0101000011
1101000011
0011000011
1011000011
0111000010
1111000010
0000100010
1000100011
0100100011
1100100011
0010100011
1010100011
0110100010
1110100010
0001100011
1001100011
0101100010
1101100010
0011100010
1011100010
0111100010
1111100010
0000010010
1000010011
0100010011
1100010011
0010010011
1010010011
0110010010
1110010010
0001010011
1001010011
0101010010
1101010010
0011010010
1011010010
0111010010
1111010010
0000110011
1000110011
0100110010
1100110010
0010110010
1010110010
0110110010
1110110010
0001110010
1001110010
0101110010
1101110010
0011110010
1011110010
0111110010
1111110010
0000001010
1000001011
0100001011
1100001011
0010001011
1010001011
0110001010
1110001010
0001001011
1001001011
0101001010
1101001010
0011001010
1011001010
0111001010
1111001010
0000101011
1000101011
0100101010
1100101010
0010101010
1010101010
0110101010
1110101010
0001101010
1001101010
0101101010
1101101010
0011101010
1011101010
0111101010
1111101010
0000011011
1000011011
0100011010
1100011010
0010011010
1010011010
0110011010
1110011010
0001011010
1001011010
0101011010
1101011010
0011011010
1011011010
0111011010
1111011010
0000111010
1000111010
0100111010
1100111010
0010111010
1010111010
0110111010
1110111010
0001111010
1001111010
0101111010
1101111010
0011111010
1011111010
0111111010
1111111010
0000000110
1000000111
0100000111
1100000111
0010000111
1010000111
0110000110
1110000110
0001000111
1001000111
0101000110
1101000110
0011000110
1011000110
0111000110
1111000110
0000100111
1000100111
0100100110
1100100110
0010100110
1010100110
0110100110
1110100110
0001100110
1001100110
0101100110
1101100110
0011100110
1011100110
0111100110
1111100110
0000010111
1000010111
0100010110
1100010110
0010010110
1010010110
0110010110
1110010110
0001010110
1001010110
0101010110
1101010110
0011010110
1011010110
0111010110
1111010110
0000110110
1000110110
0100110110
1100110110
0010110110
1010110110
0110110110
1110110110
0001110110
1001110110
0101110110
1101110110
0011110110
1011110110
0111110110
1111110110
0000001111
1000001111
0100001110
1100001110
0010001110
1010001110
0110001110
1110001110
0001001110
1001001110
0101001110
1101001110
0011001110
1011001110
0111001110
1111001110
0000101110
1000101110
0100101110
1100101110
0010101110
1010101110
0110101110
1110101110
0001101110
1001101110
0101101110
1101101110
0011101110
1011101110
0111101110
1111101110
0000011110
1000011110
0100011110
1100011110
0010011110
1010011110
0110011110
1110011110
0001011110
1001011110
0101011110
1101011110
0011011110
1011011110
0111011110
1111011110
0000111110
1000111110
0100111110
1100111110
0010111110
1010111110
0110111110
1110111110
0001111110
1001111110
0101111110
1101111110
0011111110
1011111110
0111111110
1111111110
